%YAML:1.0
aruco_bc_nmarkers: 4
aruco_bc_mInfoType: 1
aruco_bc_markers:
   - { id:000, corners:[ [ -0.138, -0.138, 0. ], [ -0.008, -0.138, 0. ], [
       -0.008, -0.008, 0. ], [ -0.138, -0.008, 0. ] ] }


   - { id:001, corners:[ [ 0.008, -0.138, 0. ], [ 0.138, -0.138, 0. ], [ 0.138,
       -0.008, 0. ], [ 0.008, -0.008, 0. ] ] }


   - { id:002, corners:[ [ -0.138, 0.008, 0. ], [ -0.008, 0.008, 0. ], [ -0.008,
       0.138, 0. ], [ -0.138, 0.138, 0. ] ] }

   - { id:003, corners:[ [ 0.008, 0.008, 0. ], [ 0.138, 0.008, 0. ], [ 0.138,
       0.138, 0. ], [ 0.008, 0.138, 0. ] ] }
