%YAML:1.0
aruco_bc_nmarkers: 4
aruco_bc_mInfoType: 1
aruco_bc_markers:
   - { id:8, corners:[ [ -0.198, 0.198, 0. ], [ -0.012, 0.198, 0. ], [
       -0.012, 0.012, 0. ], [ -0.198, 0.012, 0. ] ] }

   - { id:11, corners:[ [ 0.012, 0.198, 0. ], [ 0.198, 0.198, 0. ], [ 0.198,
       0.012, 0. ], [ 0.012, 0.012, 0. ] ] }


   - { id:9, corners:[ [ -0.198, -0.012, 0. ], [ -0.012, -0.012, 0. ], [ -0.012,
       -0.198, 0. ], [ -0.198, -0.198, 0. ] ] }

   - { id:10, corners:[ [ 0.012, -0.012, 0. ], [ 0.198, -0.012, 0. ], [ 0.198,
       -0.198, 0. ], [ 0.012, -0.198, 0. ] ] }
