image_width: 720
image_height: 480
camera_name: cam
camera_matrix:
  rows: 3
  cols: 3
  data: [356.538828, 0.000000, 354.521889, 0.000000, 323.722173, 239.289917, 0.000000, 0.000000, 1.000000]
distortion_model: plumb_bob
distortion_coefficients:
  rows: 1
  cols: 5
  data: [0.347134, -0.763241, 0.000682, 0.002900, 0.344443]
rectification_matrix:
  rows: 3
  cols: 3
  data: [1.000000, 0.000000, 0.000000, 0.000000, 1.000000, 0.000000, 0.000000, 0.000000, 1.000000]
projection_matrix:
  rows: 3
  cols: 4
  data: [362.960907, 0.000000, 390.143272, 0.000000, 0.000000, 358.011780, 242.912848, 0.000000, 0.000000, 0.000000, 1.000000, 0.000000]
